0 0 1
1 0 1
2 0 1
3 0 1
4 0 1
5 0 1
6 0 1
7 0 1
8 0 1
9 0 1
10 0 1
11 0 1
12 0 1
13 0 1
14 0 1
15 0 1
16 0 1
17 0 1
18 0 1
19 0 1
20 0 1
21 0 1
22 0 1
23 0 1
24 0 1
25 0 1
26 0 1
27 0 1
28 0 1
29 0 1
30 0 1
31 0 1
32 0 1
33 0 1
34 0 1
35 0 1
36 0 1
37 0 1
38 0 1
39 0 1
40 0 1
41 0 1
42 0 1
43 0 1
44 0 1
45 0 1
46 0 1
47 0 1
48 0 1
49 0 1
50 0 1
51 0 1
52 0 1
53 0 1
54 0 1
55 0 1
56 0 1
57 0 1
58 0 1
59 0 1
60 0 1
61 0 1
62 0 1
63 0 1
64 0 1
65 0 1
66 0 1
67 0 1
68 0 1
69 0 1
70 0 1
71 0 1
72 0 1
73 0 1
74 0 1
75 0 1
76 0 1
77 0 1
78 0 1
79 0 1
80 0 1
81 0 1
82 0 1
83 0 1
84 0 1
85 0 1
86 0 1
87 0 1
88 0 1
89 0 1
90 0 1
91 0 1
92 0 1
93 0 1
94 0 1
95 0 1
96 0 1
97 0 1
98 0 1
99 0 1
100 0 1
101 0 1
102 0 1
103 0 1
104 0 1
105 0 1
106 0 1
107 0 1
108 0 1
109 0 1
110 0 1
111 0 1
112 0 1
113 0 1
114 0 1
115 0 1
116 0 1
117 0 1
118 0 1
119 0 1
120 0 1
121 0 1
122 0 1
123 0 1
124 0 1
125 0 1
126 0 1
127 0 1
128 0 1
129 0 1
130 0 1
131 0 1
132 0 1
133 0 1
134 0 1
135 0 1
136 0 1
137 0 1
138 0 1
139 0 1
140 0 1
141 0 1
142 0 1
143 0 1
144 0 1
145 0 1
146 0 1
147 0 1
148 0 1
149 0 1
150 0 1
151 0 1
152 0 1
153 0 1
154 0 1
155 0 1
156 0 1
157 0 1
158 0 1
159 0 1
160 0 1
161 0 1
162 0 1
163 0 1
164 0 1
165 0 1
166 0 1
167 0 1
168 0 1
169 0 1
170 0 1
171 0 1
172 0 1
173 0 1
174 0 1
175 0 1
176 0 1
177 0 1
178 0 1
179 0 1
180 0 1
181 0 1
182 0 1
183 0 1
184 0 1
185 0 1
186 0 1
187 0 1
188 0 1
189 0 1
190 0 1
191 0 1
192 0 1
193 0 1
194 0 1
195 0 1
196 0 1
197 0 1
198 0 1
199 0 1
200 0 1
201 0 1
202 0 1
203 0 1
204 0 1
205 0 1
206 0 1
207 0 1
208 0 1
209 0 1
210 0 1
211 0 1
212 0 1
213 0 1
214 0 1
215 0 1
216 0 1
217 0 1
218 0 1
219 0 1
220 0 1
221 0 1
222 0 1
223 0 1
224 0 1
225 0 1
226 0 1
227 0 1
228 0 1
229 0 1
230 0 1
231 0 1
232 0 1
233 0 1
234 0 1
235 0 1
236 0 1
237 0 1
238 0 1
239 0 1
240 0 1
241 0 1
242 0 1
243 0 1
244 0 1
245 0 1
246 0 1
247 0 1
248 0 1
249 0 1
250 0 1
251 0 1
252 0 1
253 0 1
254 0 1
255 0 1
256 0 1
257 0 1
258 0 1
259 0 1
260 0 1
261 0 1
262 0 1
263 0 1
264 0 1
265 0 1
266 0 1
267 0 1
268 0 1
269 0 1
270 0 1
271 0 1
272 0 1
273 0 1
274 0 1
275 0 1
276 0 1
277 0 1
278 0 1
279 0 1
280 0 1
281 0 1
282 0 1
283 0 1
284 0 1
285 0 1
286 0 1
287 0 1
288 0 1
289 0 1
290 0 1
291 0 1
292 0 1
293 0 1
294 0 1
295 0 1
296 0 1
297 0 1
298 0 1
299 0 1
0 199 1
1 199 1
2 199 1
3 199 1
4 199 1
5 199 1
6 199 1
7 199 1
8 199 1
9 199 1
10 199 1
11 199 1
12 199 1
13 199 1
14 199 1
15 199 1
16 199 1
17 199 1
18 199 1
19 199 1
20 199 1
21 199 1
22 199 1
23 199 1
24 199 1
25 199 1
26 199 1
27 199 1
28 199 1
29 199 1
30 199 1
31 199 1
32 199 1
33 199 1
34 199 1
35 199 1
36 199 1
37 199 1
38 199 1
39 199 1
40 199 1
41 199 1
42 199 1
43 199 1
44 199 1
45 199 1
46 199 1
47 199 1
48 199 1
49 199 1
50 199 1
51 199 1
52 199 1
53 199 1
54 199 1
55 199 1
56 199 1
57 199 1
58 199 1
59 199 1
60 199 1
61 199 1
62 199 1
63 199 1
64 199 1
65 199 1
66 199 1
67 199 1
68 199 1
69 199 1
70 199 1
71 199 1
72 199 1
73 199 1
74 199 1
75 199 1
76 199 1
77 199 1
78 199 1
79 199 1
80 199 1
81 199 1
82 199 1
83 199 1
84 199 1
85 199 1
86 199 1
87 199 1
88 199 1
89 199 1
90 199 1
91 199 1
92 199 1
93 199 1
94 199 1
95 199 1
96 199 1
97 199 1
98 199 1
99 199 1
100 199 1
101 199 1
102 199 1
103 199 1
104 199 1
105 199 1
106 199 1
107 199 1
108 199 1
109 199 1
110 199 1
111 199 1
112 199 1
113 199 1
114 199 1
115 199 1
116 199 1
117 199 1
118 199 1
119 199 1
120 199 1
121 199 1
122 199 1
123 199 1
124 199 1
125 199 1
126 199 1
127 199 1
128 199 1
129 199 1
130 199 1
131 199 1
132 199 1
133 199 1
134 199 1
135 199 1
136 199 1
137 199 1
138 199 1
139 199 1
140 199 1
141 199 1
142 199 1
143 199 1
144 199 1
145 199 1
146 199 1
147 199 1
148 199 1
149 199 1
150 199 1
151 199 1
152 199 1
153 199 1
154 199 1
155 199 1
156 199 1
157 199 1
158 199 1
159 199 1
160 199 1
161 199 1
162 199 1
163 199 1
164 199 1
165 199 1
166 199 1
167 199 1
168 199 1
169 199 1
170 199 1
171 199 1
172 199 1
173 199 1
174 199 1
175 199 1
176 199 1
177 199 1
178 199 1
179 199 1
180 199 1
181 199 1
182 199 1
183 199 1
184 199 1
185 199 1
186 199 1
187 199 1
188 199 1
189 199 1
190 199 1
191 199 1
192 199 1
193 199 1
194 199 1
195 199 1
196 199 1
197 199 1
198 199 1
199 199 1
200 199 1
201 199 1
202 199 1
203 199 1
204 199 1
205 199 1
206 199 1
207 199 1
208 199 1
209 199 1
210 199 1
211 199 1
212 199 1
213 199 1
214 199 1
215 199 1
216 199 1
217 199 1
218 199 1
219 199 1
220 199 1
221 199 1
222 199 1
223 199 1
224 199 1
225 199 1
226 199 1
227 199 1
228 199 1
229 199 1
230 199 1
231 199 1
232 199 1
233 199 1
234 199 1
235 199 1
236 199 1
237 199 1
238 199 1
239 199 1
240 199 1
241 199 1
242 199 1
243 199 1
244 199 1
245 199 1
246 199 1
247 199 1
248 199 1
249 199 1
250 199 1
251 199 1
252 199 1
253 199 1
254 199 1
255 199 1
256 199 1
257 199 1
258 199 1
259 199 1
260 199 1
261 199 1
262 199 1
263 199 1
264 199 1
265 199 1
266 199 1
267 199 1
268 199 1
269 199 1
270 199 1
271 199 1
272 199 1
273 199 1
274 199 1
275 199 1
276 199 1
277 199 1
278 199 1
279 199 1
280 199 1
281 199 1
282 199 1
283 199 1
284 199 1
285 199 1
286 199 1
287 199 1
288 199 1
289 199 1
290 199 1
291 199 1
292 199 1
293 199 1
294 199 1
295 199 1
296 199 1
297 199 1
298 199 1
299 199 1
99 60 1
99 61 1
99 62 1
99 63 1
99 64 1
99 65 1
99 66 1
99 67 1
99 68 1
99 69 1
99 70 1
99 71 1
99 72 1
99 73 1
99 74 1
99 75 1
99 76 1
99 77 1
99 78 1
99 79 1
99 80 1
99 81 1
99 82 1
99 83 1
99 84 1
99 85 1
99 86 1
99 87 1
99 88 1
99 89 1
99 90 1
99 91 1
99 92 1
99 93 1
99 94 1
99 95 1
99 96 1
99 97 1
99 98 1
99 99 1
99 100 1
99 101 1
99 102 1
99 103 1
99 104 1
99 105 1
99 106 1
99 107 1
99 108 1
99 109 1
99 110 1
99 111 1
99 112 1
99 113 1
99 114 1
99 115 1
99 116 1
99 117 1
99 118 1
99 119 1
99 120 1
